x = 3.800000
y = 1.400000
